image_width: 640
image_height: 480
camera_name: head_camera
camera_matrix:
  rows: 3
  cols: 3
  data: [654.4905722770611, 0, 322.3643667124825, 0, 654.0347842087144, 240.7046809430671, 0, 0, 1]
distortion_model: plumb_bob
distortion_coefficients:
  rows: 1
  cols: 5
  data: [0.05256279341254429, -0.22895006928087, -0.0003195393506071262, -4.778368644959018e-05, 0]
rectification_matrix:
  rows: 3
  cols: 3
  data: [1, 0, 0, 0, 1, 0, 0, 0, 1]
projection_matrix:
  rows: 3
  cols: 4
  data: [654.1393432617188, 0, 322.4076485429123, 0, 0, 655.9546508789062, 240.6221967881138, 0, 0, 0, 1, 0]